- best_loss: 0.7700256639056735
- annealing_step: 15
  batch_factor: 5
  evi_fun: relu
  lr: 0.0003871689691375164

