- best_loss: 0.5417266332794547
- batch_factor: 0
  lr: 0.0003266628235356872

