- best_loss: 0.5263758388819633
- batch_factor: 1
  lr: 0.0005339618465738626
