- best_loss: 0.5015879094600677
- batch_factor: 3
  lr: 0.0008067127639397782
