- best_loss: 0.7532807010653857
- batch_factor: 1
  lr: 0.00015966262567274997

