 best_loss: 0.2595587406391488
- batch_factor: 1
  lr: 0.0006326877088174983

