- best_loss: 0.39451155223344503
- batch_factor: 3
  lr: 0.0005145803403653589

