- best_loss: 0.7531828692084864
- batch_factor: 2
  lr: 0.0003063689470094999

