- best_loss: 0.6399374008178711
- batch_factor: 3
  lr: 0.0006283198005297856

