- best_loss: 0.42614662490392985
- batch_factor: 4
  evi_fun: relu
  l: 0.06097936579649161
  lr: 0.0017646560913543053
