- best_loss: 0.4535095221117923
- batch_factor: 4
  evi_fun: softplus
  l: 0.09269189843190809
  lr: 0.001980481448852626

