- best_loss: 0.4904335498809814
- batch_factor: 3
  evi_fun: exp
  l: 0.15223023074111341
  lr: 0.0008522307951047879

