- best_loss: 0.43292658196555245
- batch_factor: 5
  evi_fun: relu
  l: 0.011925544626502855
  lr: 0.0005555175620497784

