- best_loss: 0.29409940442756605
- batch_factor: 0
  evi_fun: softplus
  l: 0.03942994488707839
  lr: 2.966309740214861e-05

