- best_loss: 0.39516809582710266
- batch_factor: 4
  evi_fun: softplus
  l: 0.07486427319615738
  lr: 0.00013808574024318983

