- best_loss: 0.46901517113049823
- batch_factor: 5
  evi_fun: relu
  l: 0.030441200982937067
  lr: 0.0006239739679665663

