- best_loss: 0.3877485000035342
- batch_factor: 1
  evi_fun: softplus
  l: 0.011290793194621979
  lr: 0.00039303789662527766

