- best_loss: 0.36048397189610965
- batch_factor: 1
  evi_fun: relu
  lr: 0.0010543734335182124
