- best_loss: 0.19388841389489353
- batch_factor: 0
  evi_fun: relu
  lr: 3.523698425018399e-05

