- best_loss: 0.26549116604857975
- batch_factor: 5
  evi_fun: relu
  lr: 0.0006483157343849342

