- best_loss: 0.41478369769707224
- batch_factor: 0
  evi_fun: relu
  lr: 8.943827013657058e-05

